132
0 
1 0 
1 38 
0 
1 35 
1 22 
1 3 
1 4 
1 33 
1 31 
1 2 
1 32 
1 34 
1 46 
1 7 
1 1 
1 25 
1 8 
1 26 
1 64 
1 41 
1 42 
1 21 
1 64 
1 64 
1 64 
1 64 
1 64 
1 64 
1 64 
1 64 
1 64 
1 64 
1 64 
1 64 
1 5 
1 20 
1 6 
1 39 
1 24 
1 45 
1 13 
1 19 
1 15 
1 11 
1 36 
1 9 
1 37 
1 10 
1 12 
1 48 
1 29 
1 27 
1 23 
1 28 
1 30 
1 64 
1 64 
1 64 
2 63 64 
1 64 
1 64 
1 64 
1 64 
2 56 64 
1 64 
1 64 
1 64 
1 64 
1 64 
1 64 
1 64 
1 64 
1 14 
1 18 
1 16 
1 17 
1 64 
1 64 
1 64 
1 64 
1 64 
2 59 64 
1 64 
1 64 
2 54 64 
1 64 
2 50 64 
1 64 
1 64 
1 64 
1 64 
1 64 
1 64 
1 64 
2 51 64 
1 64 
1 64 
1 64 
1 64 
2 57 64 
1 64 
1 64 
1 64 
1 64 
1 64 
1 64 
2 47 64 
1 64 
1 64 
2 60 64 
1 64 
1 64 
1 64 
2 47 64 
2 44 64 
1 64 
1 64 
1 64 
1 64 
2 55 64 
2 58 64 
2 43 64 
1 64 
2 53 64 
1 64 
2 62 64 
2 40 64 
2 52 64 
1 64 
2 49 64 
2 61 64 
1 -1 2
1 9 1
1 10 1
1 13 1
1 32 1
1 33 3
1 34 4
1 37 5
1 38 6
1 40 7
1 41 8
1 42 9
1 43 10
1 44 11
1 45 12
1 47 13
1 48 14
1 49 14
1 50 14
1 51 14
1 52 14
1 53 14
1 54 14
1 55 14
1 56 14
1 57 14
1 58 15
1 59 16
1 60 17
1 61 18
1 62 19
1 65 20
1 66 20
1 67 20
1 68 20
1 69 20
1 70 20
1 71 20
1 72 20
1 73 20
1 74 20
1 75 20
1 76 20
1 77 20
1 78 20
1 79 20
1 80 20
1 81 20
1 82 20
1 83 20
1 84 20
1 85 20
1 86 20
1 87 20
1 88 20
1 89 20
1 90 20
1 91 21
1 93 22
1 94 23
1 97 20
1 98 24
1 99 25
1 100 26
1 101 27
1 102 28
1 103 29
1 104 20
1 105 30
1 106 20
1 107 20
1 108 20
1 109 20
1 110 31
1 111 20
1 112 20
1 113 20
1 114 32
1 115 33
1 116 34
1 117 20
1 118 20
1 119 35
1 120 20
1 121 20
1 122 20
1 123 36
1 124 37
1 125 38
1 126 39




3 61 40


4 0 4
4 1 4
4 2 4
4 3 4
4 4 4
4 5 4
4 6 4
4 7 4
4 8 4
4 9 4
4 10 4
4 11 4
4 12 4
4 13 4
4 14 4
4 15 4
4 16 4
4 17 4
4 18 4
4 19 4
4 20 4
4 21 4
4 22 4
4 23 4
4 24 4
4 25 4
4 26 4
4 27 4
4 28 4
4 29 4
4 30 4
4 31 4
4 32 4
4 33 4
4 34 41
4 35 4
4 36 4
4 37 4
4 38 4
4 39 4
4 40 4
4 41 4
4 42 4
4 43 4
4 44 4
4 45 4
4 46 4
4 47 4
4 48 4
4 49 4
4 50 4
4 51 4
4 52 4
4 53 4
4 54 4
4 55 4
4 56 4
4 57 4
4 58 4
4 59 4
4 60 4
4 61 4
4 62 4
4 63 4
4 64 4
4 65 4
4 66 4
4 67 4
4 68 4
4 69 4
4 70 4
4 71 4
4 72 4
4 73 4
4 74 4
4 75 4
4 76 4
4 77 4
4 78 4
4 79 4
4 80 4
4 81 4
4 82 4
4 83 4
4 84 4
4 85 4
4 86 4
4 87 4
4 88 4
4 89 4
4 90 4
4 91 4
4 92 4
4 93 4
4 94 4
4 95 4
4 96 4
4 97 4
4 98 4
4 99 4
4 100 4
4 101 4
4 102 4
4 103 4
4 104 4
4 105 4
4 106 4
4 107 4
4 108 4
4 109 4
4 110 4
4 111 4
4 112 4
4 113 4
4 114 4
4 115 4
4 116 4
4 117 4
4 118 4
4 119 4
4 120 4
4 121 4
4 122 4
4 123 4
4 124 4
4 125 4
4 126 4
4 127 4


5 61 42


6 38 43
6 61 44






9 61 45


10 43 46
10 61 47




12 45 48
12 61 49


13 61 50


14 46 51
14 48 14
14 49 14
14 50 14
14 51 14
14 52 14
14 53 14
14 54 14
14 55 14
14 56 14
14 57 14






17 60 52
17 61 53


18 61 54


19 61 55
19 62 56


20 48 20
20 49 20
20 50 20
20 51 20
20 52 20
20 53 20
20 54 20
20 55 20
20 56 20
20 57 20
20 65 20
20 66 20
20 67 20
20 68 20
20 69 20
20 70 20
20 71 20
20 72 20
20 73 20
20 74 20
20 75 20
20 76 20
20 77 20
20 78 20
20 79 20
20 80 20
20 81 20
20 82 20
20 83 20
20 84 20
20 85 20
20 86 20
20 87 20
20 88 20
20 89 20
20 90 20
20 97 20
20 98 20
20 99 20
20 100 20
20 101 20
20 102 20
20 103 20
20 104 20
20 105 20
20 106 20
20 107 20
20 108 20
20 109 20
20 110 20
20 111 20
20 112 20
20 113 20
20 114 20
20 115 20
20 116 20
20 117 20
20 118 20
20 119 20
20 120 20
20 121 20
20 122 20








24 48 20
24 49 20
24 50 20
24 51 20
24 52 20
24 53 20
24 54 20
24 55 20
24 56 20
24 57 20
24 65 20
24 66 20
24 67 20
24 68 20
24 69 20
24 70 20
24 71 20
24 72 20
24 73 20
24 74 20
24 75 20
24 76 20
24 77 20
24 78 20
24 79 20
24 80 20
24 81 20
24 82 20
24 83 20
24 84 20
24 85 20
24 86 20
24 87 20
24 88 20
24 89 20
24 90 20
24 97 20
24 98 20
24 99 20
24 100 20
24 101 20
24 102 20
24 103 20
24 104 20
24 105 20
24 106 20
24 107 20
24 108 20
24 109 20
24 110 20
24 111 57
24 112 20
24 113 20
24 114 58
24 115 20
24 116 20
24 117 20
24 118 20
24 119 20
24 120 20
24 121 20
24 122 20


25 48 20
25 49 20
25 50 20
25 51 20
25 52 20
25 53 20
25 54 20
25 55 20
25 56 20
25 57 20
25 65 20
25 66 20
25 67 20
25 68 20
25 69 20
25 70 20
25 71 20
25 72 20
25 73 20
25 74 20
25 75 20
25 76 20
25 77 20
25 78 20
25 79 20
25 80 20
25 81 20
25 82 20
25 83 20
25 84 20
25 85 20
25 86 20
25 87 20
25 88 20
25 89 20
25 90 20
25 97 20
25 98 20
25 99 20
25 100 20
25 101 20
25 102 20
25 103 20
25 104 20
25 105 20
25 106 20
25 107 20
25 108 20
25 109 20
25 110 20
25 111 59
25 112 20
25 113 20
25 114 20
25 115 20
25 116 20
25 117 20
25 118 20
25 119 20
25 120 20
25 121 20
25 122 20


26 48 20
26 49 20
26 50 20
26 51 20
26 52 20
26 53 20
26 54 20
26 55 20
26 56 20
26 57 20
26 65 20
26 66 20
26 67 20
26 68 20
26 69 20
26 70 20
26 71 20
26 72 20
26 73 20
26 74 20
26 75 20
26 76 20
26 77 20
26 78 20
26 79 20
26 80 20
26 81 20
26 82 20
26 83 20
26 84 20
26 85 20
26 86 20
26 87 20
26 88 20
26 89 20
26 90 20
26 97 20
26 98 20
26 99 20
26 100 20
26 101 20
26 102 20
26 103 20
26 104 20
26 105 20
26 106 20
26 107 20
26 108 20
26 109 20
26 110 20
26 111 60
26 112 20
26 113 20
26 114 20
26 115 20
26 116 20
26 117 20
26 118 20
26 119 20
26 120 20
26 121 20
26 122 20


27 48 20
27 49 20
27 50 20
27 51 20
27 52 20
27 53 20
27 54 20
27 55 20
27 56 20
27 57 20
27 65 20
27 66 20
27 67 20
27 68 20
27 69 20
27 70 20
27 71 20
27 72 20
27 73 20
27 74 20
27 75 20
27 76 20
27 77 20
27 78 20
27 79 20
27 80 20
27 81 20
27 82 20
27 83 20
27 84 20
27 85 20
27 86 20
27 87 20
27 88 20
27 89 20
27 90 20
27 97 20
27 98 20
27 99 20
27 100 20
27 101 20
27 102 20
27 103 20
27 104 20
27 105 20
27 106 20
27 107 20
27 108 61
27 109 20
27 110 20
27 111 20
27 112 20
27 113 20
27 114 20
27 115 20
27 116 20
27 117 20
27 118 20
27 119 20
27 120 20
27 121 20
27 122 20


28 48 20
28 49 20
28 50 20
28 51 20
28 52 20
28 53 20
28 54 20
28 55 20
28 56 20
28 57 20
28 65 20
28 66 20
28 67 20
28 68 20
28 69 20
28 70 20
28 71 20
28 72 20
28 73 20
28 74 20
28 75 20
28 76 20
28 77 20
28 78 20
28 79 20
28 80 20
28 81 20
28 82 20
28 83 20
28 84 20
28 85 20
28 86 20
28 87 20
28 88 20
28 89 20
28 90 20
28 97 62
28 98 20
28 99 20
28 100 20
28 101 20
28 102 20
28 103 20
28 104 20
28 105 20
28 106 20
28 107 20
28 108 20
28 109 20
28 110 20
28 111 63
28 112 20
28 113 20
28 114 20
28 115 20
28 116 20
28 117 20
28 118 20
28 119 20
28 120 20
28 121 20
28 122 20


29 48 20
29 49 20
29 50 20
29 51 20
29 52 20
29 53 20
29 54 20
29 55 20
29 56 20
29 57 20
29 65 20
29 66 20
29 67 20
29 68 20
29 69 20
29 70 20
29 71 20
29 72 20
29 73 20
29 74 20
29 75 20
29 76 20
29 77 20
29 78 20
29 79 20
29 80 20
29 81 20
29 82 20
29 83 20
29 84 20
29 85 20
29 86 20
29 87 20
29 88 20
29 89 20
29 90 20
29 97 20
29 98 20
29 99 20
29 100 20
29 101 20
29 102 20
29 103 20
29 104 20
29 105 20
29 106 20
29 107 20
29 108 20
29 109 20
29 110 20
29 111 64
29 112 20
29 113 20
29 114 20
29 115 20
29 116 20
29 117 20
29 118 20
29 119 20
29 120 20
29 121 20
29 122 20


30 48 20
30 49 20
30 50 20
30 51 20
30 52 20
30 53 20
30 54 20
30 55 20
30 56 20
30 57 20
30 65 20
30 66 20
30 67 20
30 68 20
30 69 20
30 70 20
30 71 20
30 72 20
30 73 20
30 74 20
30 75 20
30 76 20
30 77 20
30 78 20
30 79 20
30 80 20
30 81 20
30 82 20
30 83 20
30 84 20
30 85 20
30 86 20
30 87 20
30 88 20
30 89 20
30 90 20
30 97 20
30 98 20
30 99 20
30 100 20
30 101 20
30 102 65
30 103 20
30 104 20
30 105 20
30 106 20
30 107 20
30 108 20
30 109 20
30 110 66
30 111 20
30 112 20
30 113 20
30 114 20
30 115 20
30 116 20
30 117 20
30 118 20
30 119 20
30 120 20
30 121 20
30 122 20


31 48 20
31 49 20
31 50 20
31 51 20
31 52 20
31 53 20
31 54 20
31 55 20
31 56 20
31 57 20
31 65 20
31 66 20
31 67 20
31 68 20
31 69 20
31 70 20
31 71 20
31 72 20
31 73 20
31 74 20
31 75 20
31 76 20
31 77 20
31 78 20
31 79 20
31 80 20
31 81 20
31 82 20
31 83 20
31 84 20
31 85 20
31 86 20
31 87 20
31 88 20
31 89 20
31 90 20
31 97 20
31 98 20
31 99 20
31 100 20
31 101 20
31 102 20
31 103 20
31 104 20
31 105 20
31 106 20
31 107 20
31 108 20
31 109 20
31 110 20
31 111 67
31 112 20
31 113 20
31 114 20
31 115 20
31 116 20
31 117 20
31 118 20
31 119 20
31 120 20
31 121 20
31 122 20


32 48 20
32 49 20
32 50 20
32 51 20
32 52 20
32 53 20
32 54 20
32 55 20
32 56 20
32 57 20
32 65 20
32 66 20
32 67 20
32 68 20
32 69 20
32 70 20
32 71 20
32 72 20
32 73 20
32 74 20
32 75 20
32 76 20
32 77 20
32 78 20
32 79 20
32 80 20
32 81 20
32 82 20
32 83 20
32 84 20
32 85 20
32 86 20
32 87 20
32 88 20
32 89 20
32 90 20
32 97 20
32 98 20
32 99 20
32 100 20
32 101 68
32 102 20
32 103 20
32 104 20
32 105 20
32 106 20
32 107 20
32 108 20
32 109 20
32 110 20
32 111 20
32 112 20
32 113 20
32 114 20
32 115 20
32 116 20
32 117 20
32 118 20
32 119 20
32 120 20
32 121 20
32 122 20


33 48 20
33 49 20
33 50 20
33 51 20
33 52 20
33 53 20
33 54 20
33 55 20
33 56 20
33 57 20
33 65 20
33 66 20
33 67 20
33 68 20
33 69 20
33 70 20
33 71 20
33 72 20
33 73 20
33 74 20
33 75 20
33 76 20
33 77 20
33 78 20
33 79 20
33 80 20
33 81 20
33 82 20
33 83 20
33 84 20
33 85 20
33 86 20
33 87 20
33 88 20
33 89 20
33 90 20
33 97 20
33 98 20
33 99 20
33 100 20
33 101 20
33 102 20
33 103 20
33 104 20
33 105 69
33 106 20
33 107 20
33 108 20
33 109 20
33 110 20
33 111 20
33 112 20
33 113 20
33 114 20
33 115 20
33 116 70
33 117 20
33 118 20
33 119 20
33 120 20
33 121 20
33 122 20


34 48 20
34 49 20
34 50 20
34 51 20
34 52 20
34 53 20
34 54 20
34 55 20
34 56 20
34 57 20
34 65 20
34 66 20
34 67 20
34 68 20
34 69 20
34 70 20
34 71 20
34 72 20
34 73 20
34 74 20
34 75 20
34 76 20
34 77 20
34 78 20
34 79 20
34 80 20
34 81 20
34 82 20
34 83 20
34 84 20
34 85 20
34 86 20
34 87 20
34 88 20
34 89 20
34 90 20
34 97 20
34 98 20
34 99 20
34 100 20
34 101 20
34 102 20
34 103 20
34 104 20
34 105 20
34 106 20
34 107 20
34 108 20
34 109 20
34 110 20
34 111 20
34 112 20
34 113 20
34 114 71
34 115 20
34 116 20
34 117 20
34 118 20
34 119 20
34 120 20
34 121 20
34 122 20


35 48 20
35 49 20
35 50 20
35 51 20
35 52 20
35 53 20
35 54 20
35 55 20
35 56 20
35 57 20
35 65 20
35 66 20
35 67 20
35 68 20
35 69 20
35 70 20
35 71 20
35 72 20
35 73 20
35 74 20
35 75 20
35 76 20
35 77 20
35 78 20
35 79 20
35 80 20
35 81 20
35 82 20
35 83 20
35 84 20
35 85 20
35 86 20
35 87 20
35 88 20
35 89 20
35 90 20
35 97 20
35 98 20
35 99 20
35 100 20
35 101 20
35 102 20
35 103 20
35 104 72
35 105 73
35 106 20
35 107 20
35 108 20
35 109 20
35 110 20
35 111 20
35 112 20
35 113 20
35 114 20
35 115 20
35 116 20
35 117 20
35 118 20
35 119 20
35 120 20
35 121 20
35 122 20




37 61 74
37 124 75




























51 48 51
51 49 51
51 50 51
51 51 51
51 52 51
51 53 51
51 54 51
51 55 51
51 56 51
51 57 51


52 61 76








56 61 77


57 48 20
57 49 20
57 50 20
57 51 20
57 52 20
57 53 20
57 54 20
57 55 20
57 56 20
57 57 20
57 65 20
57 66 20
57 67 20
57 68 20
57 69 20
57 70 20
57 71 20
57 72 20
57 73 20
57 74 20
57 75 20
57 76 20
57 77 20
57 78 20
57 79 20
57 80 20
57 81 20
57 82 20
57 83 20
57 84 20
57 85 20
57 86 20
57 87 20
57 88 20
57 89 20
57 90 20
57 97 20
57 98 20
57 99 20
57 100 20
57 101 20
57 102 20
57 103 20
57 104 20
57 105 20
57 106 20
57 107 20
57 108 20
57 109 20
57 110 20
57 111 78
57 112 20
57 113 20
57 114 20
57 115 20
57 116 20
57 117 20
57 118 20
57 119 20
57 120 20
57 121 20
57 122 20


58 48 20
58 49 20
58 50 20
58 51 20
58 52 20
58 53 20
58 54 20
58 55 20
58 56 20
58 57 20
58 65 20
58 66 20
58 67 20
58 68 20
58 69 20
58 70 20
58 71 20
58 72 20
58 73 20
58 74 20
58 75 20
58 76 20
58 77 20
58 78 20
58 79 20
58 80 20
58 81 20
58 82 20
58 83 20
58 84 20
58 85 20
58 86 20
58 87 20
58 88 20
58 89 20
58 90 20
58 97 20
58 98 20
58 99 20
58 100 20
58 101 79
58 102 20
58 103 20
58 104 20
58 105 20
58 106 20
58 107 20
58 108 20
58 109 20
58 110 20
58 111 20
58 112 20
58 113 20
58 114 20
58 115 20
58 116 20
58 117 20
58 118 20
58 119 20
58 120 20
58 121 20
58 122 20


59 48 20
59 49 20
59 50 20
59 51 20
59 52 20
59 53 20
59 54 20
59 55 20
59 56 20
59 57 20
59 65 20
59 66 20
59 67 20
59 68 20
59 69 20
59 70 20
59 71 20
59 72 20
59 73 20
59 74 20
59 75 20
59 76 20
59 77 20
59 78 20
59 79 20
59 80 20
59 81 20
59 82 20
59 83 20
59 84 20
59 85 20
59 86 20
59 87 20
59 88 20
59 89 20
59 90 20
59 97 20
59 98 20
59 99 20
59 100 20
59 101 20
59 102 20
59 103 20
59 104 20
59 105 20
59 106 20
59 107 20
59 108 20
59 109 80
59 110 81
59 111 20
59 112 20
59 113 20
59 114 20
59 115 20
59 116 20
59 117 20
59 118 20
59 119 20
59 120 20
59 121 20
59 122 20


60 48 20
60 49 20
60 50 20
60 51 20
60 52 20
60 53 20
60 54 20
60 55 20
60 56 20
60 57 20
60 65 20
60 66 20
60 67 20
60 68 20
60 69 20
60 70 20
60 71 20
60 72 20
60 73 20
60 74 20
60 75 20
60 76 20
60 77 20
60 78 20
60 79 20
60 80 20
60 81 20
60 82 20
60 83 20
60 84 20
60 85 20
60 86 20
60 87 20
60 88 20
60 89 20
60 90 20
60 97 20
60 98 20
60 99 20
60 100 20
60 101 20
60 102 20
60 103 20
60 104 20
60 105 20
60 106 20
60 107 20
60 108 20
60 109 20
60 110 20
60 111 20
60 112 20
60 113 20
60 114 20
60 115 20
60 116 20
60 117 82
60 118 20
60 119 20
60 120 20
60 121 20
60 122 20


61 48 20
61 49 20
61 50 20
61 51 20
61 52 20
61 53 20
61 54 20
61 55 20
61 56 20
61 57 20
61 65 20
61 66 20
61 67 20
61 68 20
61 69 20
61 70 20
61 71 20
61 72 20
61 73 20
61 74 20
61 75 20
61 76 20
61 77 20
61 78 20
61 79 20
61 80 20
61 81 20
61 82 20
61 83 20
61 84 20
61 85 20
61 86 20
61 87 20
61 88 20
61 89 20
61 90 20
61 97 20
61 98 20
61 99 20
61 100 20
61 101 20
61 102 83
61 103 20
61 104 20
61 105 20
61 106 20
61 107 20
61 108 20
61 109 20
61 110 20
61 111 20
61 112 20
61 113 20
61 114 20
61 115 84
61 116 20
61 117 20
61 118 20
61 119 20
61 120 20
61 121 20
61 122 20


62 48 20
62 49 20
62 50 20
62 51 20
62 52 20
62 53 20
62 54 20
62 55 20
62 56 20
62 57 20
62 65 20
62 66 20
62 67 20
62 68 20
62 69 20
62 70 20
62 71 20
62 72 20
62 73 20
62 74 20
62 75 20
62 76 20
62 77 20
62 78 20
62 79 20
62 80 20
62 81 20
62 82 20
62 83 20
62 84 20
62 85 20
62 86 20
62 87 20
62 88 20
62 89 20
62 90 20
62 97 20
62 98 20
62 99 20
62 100 20
62 101 20
62 102 20
62 103 20
62 104 20
62 105 20
62 106 20
62 107 20
62 108 85
62 109 20
62 110 20
62 111 20
62 112 20
62 113 20
62 114 20
62 115 20
62 116 20
62 117 20
62 118 20
62 119 20
62 120 20
62 121 20
62 122 20


63 48 20
63 49 20
63 50 20
63 51 20
63 52 20
63 53 20
63 54 20
63 55 20
63 56 20
63 57 20
63 65 20
63 66 20
63 67 20
63 68 20
63 69 20
63 70 20
63 71 20
63 72 20
63 73 20
63 74 20
63 75 20
63 76 20
63 77 20
63 78 20
63 79 20
63 80 20
63 81 20
63 82 20
63 83 20
63 84 20
63 85 20
63 86 20
63 87 20
63 88 20
63 89 20
63 90 20
63 97 20
63 98 20
63 99 20
63 100 20
63 101 20
63 102 20
63 103 20
63 104 20
63 105 20
63 106 20
63 107 20
63 108 20
63 109 20
63 110 20
63 111 20
63 112 20
63 113 20
63 114 86
63 115 20
63 116 20
63 117 20
63 118 20
63 119 20
63 120 20
63 121 20
63 122 20


64 48 20
64 49 20
64 50 20
64 51 20
64 52 20
64 53 20
64 54 20
64 55 20
64 56 20
64 57 20
64 65 20
64 66 20
64 67 20
64 68 20
64 69 20
64 70 20
64 71 20
64 72 20
64 73 20
64 74 20
64 75 20
64 76 20
64 77 20
64 78 20
64 79 20
64 80 20
64 81 20
64 82 20
64 83 20
64 84 20
64 85 20
64 86 20
64 87 20
64 88 20
64 89 20
64 90 20
64 97 20
64 98 20
64 99 20
64 100 20
64 101 20
64 102 20
64 103 20
64 104 20
64 105 20
64 106 20
64 107 20
64 108 20
64 109 20
64 110 20
64 111 87
64 112 20
64 113 20
64 114 20
64 115 20
64 116 20
64 117 20
64 118 20
64 119 20
64 120 20
64 121 20
64 122 20


65 48 20
65 49 20
65 50 20
65 51 20
65 52 20
65 53 20
65 54 20
65 55 20
65 56 20
65 57 20
65 65 20
65 66 20
65 67 20
65 68 20
65 69 20
65 70 20
65 71 20
65 72 20
65 73 20
65 74 20
65 75 20
65 76 20
65 77 20
65 78 20
65 79 20
65 80 20
65 81 20
65 82 20
65 83 20
65 84 20
65 85 20
65 86 20
65 87 20
65 88 20
65 89 20
65 90 20
65 97 20
65 98 20
65 99 20
65 100 20
65 101 20
65 102 20
65 103 20
65 104 20
65 105 20
65 106 20
65 107 20
65 108 20
65 109 20
65 110 20
65 111 20
65 112 20
65 113 20
65 114 20
65 115 20
65 116 20
65 117 20
65 118 20
65 119 20
65 120 20
65 121 20
65 122 20


66 48 20
66 49 20
66 50 20
66 51 20
66 52 20
66 53 20
66 54 20
66 55 20
66 56 20
66 57 20
66 65 20
66 66 20
66 67 20
66 68 20
66 69 20
66 70 20
66 71 20
66 72 20
66 73 20
66 74 20
66 75 20
66 76 20
66 77 20
66 78 20
66 79 20
66 80 20
66 81 20
66 82 20
66 83 20
66 84 20
66 85 20
66 86 20
66 87 20
66 88 20
66 89 20
66 90 20
66 97 20
66 98 20
66 99 20
66 100 20
66 101 20
66 102 20
66 103 20
66 104 20
66 105 20
66 106 20
66 107 20
66 108 20
66 109 20
66 110 20
66 111 20
66 112 20
66 113 20
66 114 20
66 115 20
66 116 88
66 117 20
66 118 20
66 119 20
66 120 20
66 121 20
66 122 20


67 48 20
67 49 20
67 50 20
67 51 20
67 52 20
67 53 20
67 54 20
67 55 20
67 56 20
67 57 20
67 65 20
67 66 20
67 67 20
67 68 20
67 69 20
67 70 20
67 71 20
67 72 20
67 73 20
67 74 20
67 75 20
67 76 20
67 77 20
67 78 20
67 79 20
67 80 20
67 81 20
67 82 20
67 83 20
67 84 20
67 85 20
67 86 20
67 87 20
67 88 20
67 89 20
67 90 20
67 97 20
67 98 20
67 99 20
67 100 20
67 101 20
67 102 20
67 103 20
67 104 20
67 105 20
67 106 20
67 107 20
67 108 20
67 109 20
67 110 20
67 111 20
67 112 20
67 113 20
67 114 20
67 115 20
67 116 89
67 117 20
67 118 20
67 119 20
67 120 20
67 121 20
67 122 20


68 48 20
68 49 20
68 50 20
68 51 20
68 52 20
68 53 20
68 54 20
68 55 20
68 56 20
68 57 20
68 65 20
68 66 20
68 67 20
68 68 20
68 69 20
68 70 20
68 71 20
68 72 20
68 73 20
68 74 20
68 75 20
68 76 20
68 77 20
68 78 20
68 79 20
68 80 20
68 81 20
68 82 20
68 83 20
68 84 20
68 85 20
68 86 20
68 87 20
68 88 20
68 89 20
68 90 20
68 97 20
68 98 20
68 99 20
68 100 20
68 101 20
68 102 20
68 103 20
68 104 20
68 105 20
68 106 20
68 107 20
68 108 20
68 109 20
68 110 20
68 111 20
68 112 20
68 113 20
68 114 20
68 115 20
68 116 90
68 117 20
68 118 20
68 119 20
68 120 20
68 121 20
68 122 20


69 48 20
69 49 20
69 50 20
69 51 20
69 52 20
69 53 20
69 54 20
69 55 20
69 56 20
69 57 20
69 65 20
69 66 20
69 67 20
69 68 20
69 69 20
69 70 20
69 71 20
69 72 20
69 73 20
69 74 20
69 75 20
69 76 20
69 77 20
69 78 20
69 79 20
69 80 20
69 81 20
69 82 20
69 83 20
69 84 20
69 85 20
69 86 20
69 87 20
69 88 20
69 89 20
69 90 20
69 97 20
69 98 20
69 99 20
69 100 20
69 101 20
69 102 20
69 103 20
69 104 20
69 105 20
69 106 20
69 107 20
69 108 20
69 109 20
69 110 20
69 111 20
69 112 20
69 113 20
69 114 20
69 115 20
69 116 20
69 117 20
69 118 20
69 119 20
69 120 20
69 121 20
69 122 91


70 48 20
70 49 20
70 50 20
70 51 20
70 52 20
70 53 20
70 54 20
70 55 20
70 56 20
70 57 20
70 65 20
70 66 20
70 67 20
70 68 20
70 69 20
70 70 20
70 71 20
70 72 20
70 73 20
70 74 20
70 75 20
70 76 20
70 77 20
70 78 20
70 79 20
70 80 20
70 81 20
70 82 20
70 83 20
70 84 20
70 85 20
70 86 20
70 87 20
70 88 20
70 89 20
70 90 20
70 97 20
70 98 20
70 99 20
70 100 20
70 101 20
70 102 20
70 103 20
70 104 20
70 105 20
70 106 20
70 107 20
70 108 20
70 109 20
70 110 20
70 111 20
70 112 20
70 113 20
70 114 92
70 115 20
70 116 20
70 117 20
70 118 20
70 119 20
70 120 20
70 121 20
70 122 20


71 48 20
71 49 20
71 50 20
71 51 20
71 52 20
71 53 20
71 54 20
71 55 20
71 56 20
71 57 20
71 65 20
71 66 20
71 67 20
71 68 20
71 69 20
71 70 20
71 71 20
71 72 20
71 73 20
71 74 20
71 75 20
71 76 20
71 77 20
71 78 20
71 79 20
71 80 20
71 81 20
71 82 20
71 83 20
71 84 20
71 85 20
71 86 20
71 87 20
71 88 20
71 89 20
71 90 20
71 97 20
71 98 20
71 99 20
71 100 20
71 101 20
71 102 20
71 103 20
71 104 20
71 105 20
71 106 20
71 107 20
71 108 20
71 109 20
71 110 20
71 111 20
71 112 20
71 113 20
71 114 20
71 115 20
71 116 20
71 117 93
71 118 20
71 119 20
71 120 20
71 121 20
71 122 20


72 48 20
72 49 20
72 50 20
72 51 20
72 52 20
72 53 20
72 54 20
72 55 20
72 56 20
72 57 20
72 65 20
72 66 20
72 67 20
72 68 20
72 69 20
72 70 20
72 71 20
72 72 20
72 73 20
72 74 20
72 75 20
72 76 20
72 77 20
72 78 20
72 79 20
72 80 20
72 81 20
72 82 20
72 83 20
72 84 20
72 85 20
72 86 20
72 87 20
72 88 20
72 89 20
72 90 20
72 97 20
72 98 20
72 99 20
72 100 20
72 101 20
72 102 20
72 103 20
72 104 20
72 105 94
72 106 20
72 107 20
72 108 20
72 109 20
72 110 20
72 111 20
72 112 20
72 113 20
72 114 20
72 115 20
72 116 20
72 117 20
72 118 20
72 119 20
72 120 20
72 121 20
72 122 20


73 48 20
73 49 20
73 50 20
73 51 20
73 52 20
73 53 20
73 54 20
73 55 20
73 56 20
73 57 20
73 65 20
73 66 20
73 67 20
73 68 20
73 69 20
73 70 20
73 71 20
73 72 20
73 73 20
73 74 20
73 75 20
73 76 20
73 77 20
73 78 20
73 79 20
73 80 20
73 81 20
73 82 20
73 83 20
73 84 20
73 85 20
73 86 20
73 87 20
73 88 20
73 89 20
73 90 20
73 97 20
73 98 20
73 99 20
73 100 20
73 101 20
73 102 20
73 103 20
73 104 20
73 105 20
73 106 20
73 107 20
73 108 20
73 109 20
73 110 20
73 111 20
73 112 20
73 113 20
73 114 20
73 115 20
73 116 95
73 117 20
73 118 20
73 119 20
73 120 20
73 121 20
73 122 20










78 48 20
78 49 20
78 50 20
78 51 20
78 52 20
78 53 20
78 54 20
78 55 20
78 56 20
78 57 20
78 65 20
78 66 20
78 67 20
78 68 20
78 69 20
78 70 20
78 71 20
78 72 20
78 73 20
78 74 20
78 75 20
78 76 20
78 77 20
78 78 20
78 79 20
78 80 20
78 81 20
78 82 20
78 83 20
78 84 20
78 85 20
78 86 20
78 87 20
78 88 20
78 89 20
78 90 20
78 97 20
78 98 20
78 99 20
78 100 20
78 101 20
78 102 20
78 103 20
78 104 20
78 105 20
78 106 20
78 107 20
78 108 96
78 109 20
78 110 20
78 111 20
78 112 20
78 113 20
78 114 20
78 115 20
78 116 20
78 117 20
78 118 20
78 119 20
78 120 20
78 121 20
78 122 20


79 48 20
79 49 20
79 50 20
79 51 20
79 52 20
79 53 20
79 54 20
79 55 20
79 56 20
79 57 20
79 65 20
79 66 20
79 67 20
79 68 20
79 69 20
79 70 20
79 71 20
79 72 20
79 73 20
79 74 20
79 75 20
79 76 20
79 77 20
79 78 20
79 79 20
79 80 20
79 81 20
79 82 20
79 83 20
79 84 20
79 85 20
79 86 20
79 87 20
79 88 20
79 89 20
79 90 20
79 97 97
79 98 20
79 99 20
79 100 20
79 101 20
79 102 20
79 103 20
79 104 20
79 105 20
79 106 20
79 107 20
79 108 20
79 109 20
79 110 20
79 111 20
79 112 20
79 113 20
79 114 20
79 115 20
79 116 20
79 117 20
79 118 20
79 119 20
79 120 20
79 121 20
79 122 20


80 48 20
80 49 20
80 50 20
80 51 20
80 52 20
80 53 20
80 54 20
80 55 20
80 56 20
80 57 20
80 65 20
80 66 20
80 67 20
80 68 20
80 69 20
80 70 20
80 71 20
80 72 20
80 73 20
80 74 20
80 75 20
80 76 20
80 77 20
80 78 20
80 79 20
80 80 20
80 81 20
80 82 20
80 83 20
80 84 20
80 85 20
80 86 20
80 87 20
80 88 20
80 89 20
80 90 20
80 97 20
80 98 20
80 99 20
80 100 20
80 101 98
80 102 20
80 103 20
80 104 20
80 105 20
80 106 20
80 107 20
80 108 20
80 109 20
80 110 20
80 111 20
80 112 20
80 113 20
80 114 20
80 115 20
80 116 20
80 117 20
80 118 20
80 119 20
80 120 20
80 121 20
80 122 20


81 48 20
81 49 20
81 50 20
81 51 20
81 52 20
81 53 20
81 54 20
81 55 20
81 56 20
81 57 20
81 65 20
81 66 20
81 67 20
81 68 20
81 69 20
81 70 20
81 71 20
81 72 20
81 73 20
81 74 20
81 75 20
81 76 20
81 77 20
81 78 20
81 79 20
81 80 20
81 81 20
81 82 20
81 83 20
81 84 20
81 85 20
81 86 20
81 87 20
81 88 20
81 89 20
81 90 20
81 97 20
81 98 20
81 99 20
81 100 20
81 101 20
81 102 20
81 103 20
81 104 20
81 105 20
81 106 20
81 107 20
81 108 20
81 109 20
81 110 20
81 111 20
81 112 20
81 113 20
81 114 20
81 115 20
81 116 99
81 117 20
81 118 20
81 119 20
81 120 20
81 121 20
81 122 20


82 48 20
82 49 20
82 50 20
82 51 20
82 52 20
82 53 20
82 54 20
82 55 20
82 56 20
82 57 20
82 65 20
82 66 20
82 67 20
82 68 20
82 69 20
82 70 20
82 71 20
82 72 20
82 73 20
82 74 20
82 75 20
82 76 20
82 77 20
82 78 20
82 79 20
82 80 20
82 81 20
82 82 20
82 83 20
82 84 20
82 85 20
82 86 20
82 87 20
82 88 20
82 89 20
82 90 20
82 97 20
82 98 100
82 99 20
82 100 20
82 101 20
82 102 20
82 103 20
82 104 20
82 105 20
82 106 20
82 107 20
82 108 20
82 109 20
82 110 20
82 111 20
82 112 20
82 113 20
82 114 20
82 115 20
82 116 20
82 117 20
82 118 20
82 119 20
82 120 20
82 121 20
82 122 20


83 48 20
83 49 20
83 50 20
83 51 20
83 52 20
83 53 20
83 54 20
83 55 20
83 56 20
83 57 20
83 65 20
83 66 20
83 67 20
83 68 20
83 69 20
83 70 20
83 71 20
83 72 20
83 73 20
83 74 20
83 75 20
83 76 20
83 77 20
83 78 20
83 79 20
83 80 20
83 81 20
83 82 20
83 83 20
83 84 20
83 85 20
83 86 20
83 87 20
83 88 20
83 89 20
83 90 20
83 97 20
83 98 20
83 99 20
83 100 20
83 101 20
83 102 20
83 103 20
83 104 20
83 105 20
83 106 20
83 107 20
83 108 20
83 109 20
83 110 20
83 111 20
83 112 20
83 113 20
83 114 20
83 115 20
83 116 20
83 117 20
83 118 20
83 119 20
83 120 20
83 121 20
83 122 20


84 48 20
84 49 20
84 50 20
84 51 20
84 52 20
84 53 20
84 54 20
84 55 20
84 56 20
84 57 20
84 65 20
84 66 20
84 67 20
84 68 20
84 69 20
84 70 20
84 71 20
84 72 20
84 73 20
84 74 20
84 75 20
84 76 20
84 77 20
84 78 20
84 79 20
84 80 20
84 81 20
84 82 20
84 83 20
84 84 20
84 85 20
84 86 20
84 87 20
84 88 20
84 89 20
84 90 20
84 97 20
84 98 20
84 99 20
84 100 20
84 101 101
84 102 20
84 103 20
84 104 20
84 105 20
84 106 20
84 107 20
84 108 20
84 109 20
84 110 20
84 111 20
84 112 20
84 113 20
84 114 20
84 115 20
84 116 20
84 117 20
84 118 20
84 119 20
84 120 20
84 121 20
84 122 20


85 48 20
85 49 20
85 50 20
85 51 20
85 52 20
85 53 20
85 54 20
85 55 20
85 56 20
85 57 20
85 65 20
85 66 20
85 67 20
85 68 20
85 69 20
85 70 20
85 71 20
85 72 20
85 73 20
85 74 20
85 75 20
85 76 20
85 77 20
85 78 20
85 79 20
85 80 20
85 81 20
85 82 20
85 83 20
85 84 20
85 85 20
85 86 20
85 87 20
85 88 20
85 89 20
85 90 20
85 97 20
85 98 20
85 99 20
85 100 20
85 101 20
85 102 20
85 103 20
85 104 20
85 105 20
85 106 20
85 107 20
85 108 20
85 109 20
85 110 20
85 111 20
85 112 20
85 113 20
85 114 20
85 115 102
85 116 20
85 117 20
85 118 20
85 119 20
85 120 20
85 121 20
85 122 20


86 48 20
86 49 20
86 50 20
86 51 20
86 52 20
86 53 20
86 54 20
86 55 20
86 56 20
86 57 20
86 65 20
86 66 20
86 67 20
86 68 20
86 69 20
86 70 20
86 71 20
86 72 20
86 73 20
86 74 20
86 75 20
86 76 20
86 77 20
86 78 20
86 79 20
86 80 20
86 81 20
86 82 20
86 83 20
86 84 20
86 85 20
86 86 20
86 87 20
86 88 20
86 89 20
86 90 20
86 97 20
86 98 20
86 99 20
86 100 20
86 101 20
86 102 20
86 103 20
86 104 20
86 105 20
86 106 20
86 107 20
86 108 20
86 109 20
86 110 20
86 111 20
86 112 20
86 113 20
86 114 20
86 115 20
86 116 20
86 117 20
86 118 20
86 119 20
86 120 20
86 121 20
86 122 20


87 48 20
87 49 20
87 50 20
87 51 20
87 52 20
87 53 20
87 54 20
87 55 20
87 56 20
87 57 20
87 65 20
87 66 20
87 67 20
87 68 20
87 69 20
87 70 20
87 71 20
87 72 20
87 73 20
87 74 20
87 75 20
87 76 20
87 77 20
87 78 20
87 79 20
87 80 20
87 81 20
87 82 20
87 83 20
87 84 20
87 85 20
87 86 20
87 87 20
87 88 20
87 89 20
87 90 20
87 97 20
87 98 20
87 99 20
87 100 20
87 101 20
87 102 20
87 103 20
87 104 20
87 105 20
87 106 20
87 107 20
87 108 20
87 109 20
87 110 20
87 111 20
87 112 20
87 113 20
87 114 20
87 115 20
87 116 20
87 117 103
87 118 20
87 119 20
87 120 20
87 121 20
87 122 20


88 48 20
88 49 20
88 50 20
88 51 20
88 52 20
88 53 20
88 54 20
88 55 20
88 56 20
88 57 20
88 65 20
88 66 20
88 67 20
88 68 20
88 69 20
88 70 20
88 71 20
88 72 20
88 73 20
88 74 20
88 75 20
88 76 20
88 77 20
88 78 20
88 79 20
88 80 20
88 81 20
88 82 20
88 83 20
88 84 20
88 85 20
88 86 20
88 87 20
88 88 20
88 89 20
88 90 20
88 97 20
88 98 20
88 99 20
88 100 20
88 101 20
88 102 20
88 103 20
88 104 20
88 105 20
88 106 20
88 107 20
88 108 20
88 109 20
88 110 20
88 111 20
88 112 20
88 113 20
88 114 20
88 115 20
88 116 20
88 117 20
88 118 20
88 119 20
88 120 20
88 121 20
88 122 20


89 48 20
89 49 20
89 50 20
89 51 20
89 52 20
89 53 20
89 54 20
89 55 20
89 56 20
89 57 20
89 65 20
89 66 20
89 67 20
89 68 20
89 69 20
89 70 20
89 71 20
89 72 20
89 73 20
89 74 20
89 75 20
89 76 20
89 77 20
89 78 20
89 79 20
89 80 20
89 81 20
89 82 20
89 83 20
89 84 20
89 85 20
89 86 20
89 87 20
89 88 20
89 89 20
89 90 20
89 97 20
89 98 20
89 99 20
89 100 20
89 101 20
89 102 20
89 103 20
89 104 104
89 105 20
89 106 20
89 107 20
89 108 20
89 109 20
89 110 20
89 111 20
89 112 20
89 113 20
89 114 20
89 115 20
89 116 20
89 117 20
89 118 20
89 119 20
89 120 20
89 121 20
89 122 20


90 48 20
90 49 20
90 50 20
90 51 20
90 52 20
90 53 20
90 54 20
90 55 20
90 56 20
90 57 20
90 65 20
90 66 20
90 67 20
90 68 20
90 69 20
90 70 20
90 71 20
90 72 20
90 73 20
90 74 20
90 75 20
90 76 20
90 77 20
90 78 20
90 79 20
90 80 20
90 81 20
90 82 20
90 83 20
90 84 20
90 85 20
90 86 20
90 87 20
90 88 20
90 89 20
90 90 20
90 97 20
90 98 20
90 99 20
90 100 20
90 101 20
90 102 20
90 103 20
90 104 20
90 105 20
90 106 20
90 107 20
90 108 20
90 109 20
90 110 20
90 111 20
90 112 20
90 113 20
90 114 20
90 115 20
90 116 20
90 117 105
90 118 20
90 119 20
90 120 20
90 121 20
90 122 20


91 48 20
91 49 20
91 50 20
91 51 20
91 52 20
91 53 20
91 54 20
91 55 20
91 56 20
91 57 20
91 65 20
91 66 20
91 67 20
91 68 20
91 69 20
91 70 20
91 71 20
91 72 20
91 73 20
91 74 20
91 75 20
91 76 20
91 77 20
91 78 20
91 79 20
91 80 20
91 81 20
91 82 20
91 83 20
91 84 20
91 85 20
91 86 20
91 87 20
91 88 20
91 89 20
91 90 20
91 97 20
91 98 20
91 99 20
91 100 20
91 101 106
91 102 20
91 103 20
91 104 20
91 105 20
91 106 20
91 107 20
91 108 20
91 109 20
91 110 20
91 111 20
91 112 20
91 113 20
91 114 20
91 115 20
91 116 20
91 117 20
91 118 20
91 119 20
91 120 20
91 121 20
91 122 20


92 48 20
92 49 20
92 50 20
92 51 20
92 52 20
92 53 20
92 54 20
92 55 20
92 56 20
92 57 20
92 65 20
92 66 20
92 67 20
92 68 20
92 69 20
92 70 20
92 71 20
92 72 20
92 73 20
92 74 20
92 75 20
92 76 20
92 77 20
92 78 20
92 79 20
92 80 20
92 81 20
92 82 20
92 83 20
92 84 20
92 85 20
92 86 20
92 87 20
92 88 20
92 89 20
92 90 20
92 97 20
92 98 20
92 99 20
92 100 20
92 101 20
92 102 20
92 103 20
92 104 20
92 105 107
92 106 20
92 107 20
92 108 20
92 109 20
92 110 20
92 111 20
92 112 20
92 113 20
92 114 20
92 115 20
92 116 20
92 117 20
92 118 20
92 119 20
92 120 20
92 121 20
92 122 20


93 48 20
93 49 20
93 50 20
93 51 20
93 52 20
93 53 20
93 54 20
93 55 20
93 56 20
93 57 20
93 65 20
93 66 20
93 67 20
93 68 20
93 69 20
93 70 20
93 71 20
93 72 20
93 73 20
93 74 20
93 75 20
93 76 20
93 77 20
93 78 20
93 79 20
93 80 20
93 81 20
93 82 20
93 83 20
93 84 20
93 85 20
93 86 20
93 87 20
93 88 20
93 89 20
93 90 20
93 97 20
93 98 20
93 99 20
93 100 20
93 101 108
93 102 20
93 103 20
93 104 20
93 105 20
93 106 20
93 107 20
93 108 20
93 109 20
93 110 20
93 111 20
93 112 20
93 113 20
93 114 20
93 115 20
93 116 20
93 117 20
93 118 20
93 119 20
93 120 20
93 121 20
93 122 20


94 48 20
94 49 20
94 50 20
94 51 20
94 52 20
94 53 20
94 54 20
94 55 20
94 56 20
94 57 20
94 65 20
94 66 20
94 67 20
94 68 20
94 69 20
94 70 20
94 71 20
94 72 20
94 73 20
94 74 20
94 75 20
94 76 20
94 77 20
94 78 20
94 79 20
94 80 20
94 81 20
94 82 20
94 83 20
94 84 20
94 85 20
94 86 20
94 87 20
94 88 20
94 89 20
94 90 20
94 97 20
94 98 20
94 99 20
94 100 20
94 101 20
94 102 20
94 103 20
94 104 20
94 105 20
94 106 20
94 107 20
94 108 109
94 109 20
94 110 20
94 111 20
94 112 20
94 113 20
94 114 20
94 115 20
94 116 20
94 117 20
94 118 20
94 119 20
94 120 20
94 121 20
94 122 20


95 48 20
95 49 20
95 50 20
95 51 20
95 52 20
95 53 20
95 54 20
95 55 20
95 56 20
95 57 20
95 65 20
95 66 20
95 67 20
95 68 20
95 69 20
95 70 20
95 71 20
95 72 20
95 73 20
95 74 20
95 75 20
95 76 20
95 77 20
95 78 20
95 79 20
95 80 20
95 81 20
95 82 20
95 83 20
95 84 20
95 85 20
95 86 20
95 87 20
95 88 20
95 89 20
95 90 20
95 97 20
95 98 20
95 99 110
95 100 20
95 101 20
95 102 20
95 103 20
95 104 20
95 105 20
95 106 20
95 107 20
95 108 20
95 109 20
95 110 20
95 111 20
95 112 20
95 113 20
95 114 20
95 115 20
95 116 20
95 117 20
95 118 20
95 119 20
95 120 20
95 121 20
95 122 20


96 48 20
96 49 20
96 50 20
96 51 20
96 52 20
96 53 20
96 54 20
96 55 20
96 56 20
96 57 20
96 65 20
96 66 20
96 67 20
96 68 20
96 69 20
96 70 20
96 71 20
96 72 20
96 73 20
96 74 20
96 75 20
96 76 20
96 77 20
96 78 20
96 79 20
96 80 20
96 81 20
96 82 20
96 83 20
96 84 20
96 85 20
96 86 20
96 87 20
96 88 20
96 89 20
96 90 20
96 97 20
96 98 20
96 99 20
96 100 20
96 101 20
96 102 20
96 103 20
96 104 20
96 105 20
96 106 20
96 107 20
96 108 20
96 109 20
96 110 20
96 111 20
96 112 20
96 113 20
96 114 20
96 115 20
96 116 20
96 117 20
96 118 20
96 119 20
96 120 20
96 121 20
96 122 20


97 48 20
97 49 20
97 50 20
97 51 20
97 52 20
97 53 20
97 54 20
97 55 20
97 56 20
97 57 20
97 65 20
97 66 20
97 67 20
97 68 20
97 69 20
97 70 20
97 71 20
97 72 20
97 73 20
97 74 20
97 75 20
97 76 20
97 77 20
97 78 20
97 79 20
97 80 20
97 81 20
97 82 20
97 83 20
97 84 20
97 85 20
97 86 20
97 87 20
97 88 20
97 89 20
97 90 20
97 97 20
97 98 20
97 99 20
97 100 20
97 101 20
97 102 20
97 103 20
97 104 20
97 105 20
97 106 20
97 107 111
97 108 20
97 109 20
97 110 20
97 111 20
97 112 20
97 113 20
97 114 20
97 115 20
97 116 20
97 117 20
97 118 20
97 119 20
97 120 20
97 121 20
97 122 20


98 48 20
98 49 20
98 50 20
98 51 20
98 52 20
98 53 20
98 54 20
98 55 20
98 56 20
98 57 20
98 65 20
98 66 20
98 67 20
98 68 20
98 69 20
98 70 20
98 71 20
98 72 20
98 73 20
98 74 20
98 75 20
98 76 20
98 77 20
98 78 20
98 79 20
98 80 20
98 81 20
98 82 20
98 83 20
98 84 20
98 85 20
98 86 20
98 87 20
98 88 20
98 89 20
98 90 20
98 97 20
98 98 20
98 99 20
98 100 20
98 101 20
98 102 20
98 103 20
98 104 20
98 105 112
98 106 20
98 107 20
98 108 20
98 109 20
98 110 20
98 111 20
98 112 20
98 113 20
98 114 20
98 115 20
98 116 20
98 117 20
98 118 20
98 119 20
98 120 20
98 121 20
98 122 20


99 48 20
99 49 20
99 50 20
99 51 20
99 52 20
99 53 20
99 54 20
99 55 20
99 56 20
99 57 20
99 65 20
99 66 20
99 67 20
99 68 20
99 69 20
99 70 20
99 71 20
99 72 20
99 73 20
99 74 20
99 75 20
99 76 20
99 77 20
99 78 20
99 79 20
99 80 20
99 81 20
99 82 20
99 83 20
99 84 20
99 85 20
99 86 20
99 87 20
99 88 20
99 89 20
99 90 20
99 97 20
99 98 20
99 99 20
99 100 20
99 101 20
99 102 20
99 103 20
99 104 20
99 105 113
99 106 20
99 107 20
99 108 20
99 109 20
99 110 20
99 111 20
99 112 20
99 113 20
99 114 20
99 115 20
99 116 20
99 117 20
99 118 20
99 119 20
99 120 20
99 121 20
99 122 20


100 48 20
100 49 20
100 50 20
100 51 20
100 52 20
100 53 20
100 54 20
100 55 20
100 56 20
100 57 20
100 65 20
100 66 20
100 67 20
100 68 20
100 69 20
100 70 20
100 71 20
100 72 20
100 73 20
100 74 20
100 75 20
100 76 20
100 77 20
100 78 20
100 79 20
100 80 20
100 81 20
100 82 20
100 83 20
100 84 20
100 85 20
100 86 20
100 87 20
100 88 20
100 89 20
100 90 20
100 97 20
100 98 20
100 99 20
100 100 20
100 101 20
100 102 20
100 103 20
100 104 20
100 105 20
100 106 20
100 107 20
100 108 114
100 109 20
100 110 20
100 111 20
100 112 20
100 113 20
100 114 20
100 115 20
100 116 20
100 117 20
100 118 20
100 119 20
100 120 20
100 121 20
100 122 20


101 48 20
101 49 20
101 50 20
101 51 20
101 52 20
101 53 20
101 54 20
101 55 20
101 56 20
101 57 20
101 65 20
101 66 20
101 67 20
101 68 20
101 69 20
101 70 20
101 71 20
101 72 20
101 73 20
101 74 20
101 75 20
101 76 20
101 77 20
101 78 20
101 79 20
101 80 20
101 81 20
101 82 20
101 83 20
101 84 20
101 85 20
101 86 20
101 87 20
101 88 20
101 89 20
101 90 20
101 97 20
101 98 20
101 99 20
101 100 20
101 101 20
101 102 20
101 103 20
101 104 20
101 105 20
101 106 20
101 107 20
101 108 20
101 109 20
101 110 20
101 111 20
101 112 20
101 113 20
101 114 20
101 115 20
101 116 20
101 117 20
101 118 20
101 119 20
101 120 20
101 121 20
101 122 20


102 48 20
102 49 20
102 50 20
102 51 20
102 52 20
102 53 20
102 54 20
102 55 20
102 56 20
102 57 20
102 65 20
102 66 20
102 67 20
102 68 20
102 69 20
102 70 20
102 71 20
102 72 20
102 73 20
102 74 20
102 75 20
102 76 20
102 77 20
102 78 20
102 79 20
102 80 20
102 81 20
102 82 20
102 83 20
102 84 20
102 85 20
102 86 20
102 87 20
102 88 20
102 89 20
102 90 20
102 97 20
102 98 20
102 99 20
102 100 20
102 101 115
102 102 20
102 103 20
102 104 20
102 105 20
102 106 20
102 107 20
102 108 20
102 109 20
102 110 20
102 111 20
102 112 20
102 113 20
102 114 20
102 115 20
102 116 20
102 117 20
102 118 20
102 119 20
102 120 20
102 121 20
102 122 20


103 48 20
103 49 20
103 50 20
103 51 20
103 52 20
103 53 20
103 54 20
103 55 20
103 56 20
103 57 20
103 65 20
103 66 20
103 67 20
103 68 20
103 69 20
103 70 20
103 71 20
103 72 20
103 73 20
103 74 20
103 75 20
103 76 20
103 77 20
103 78 20
103 79 20
103 80 20
103 81 20
103 82 20
103 83 20
103 84 20
103 85 20
103 86 20
103 87 20
103 88 20
103 89 20
103 90 20
103 97 20
103 98 20
103 99 20
103 100 20
103 101 20
103 102 20
103 103 20
103 104 20
103 105 20
103 106 20
103 107 20
103 108 20
103 109 20
103 110 20
103 111 20
103 112 20
103 113 20
103 114 20
103 115 20
103 116 116
103 117 20
103 118 20
103 119 20
103 120 20
103 121 20
103 122 20


104 48 20
104 49 20
104 50 20
104 51 20
104 52 20
104 53 20
104 54 20
104 55 20
104 56 20
104 57 20
104 65 20
104 66 20
104 67 20
104 68 20
104 69 20
104 70 20
104 71 20
104 72 20
104 73 20
104 74 20
104 75 20
104 76 20
104 77 20
104 78 20
104 79 20
104 80 20
104 81 20
104 82 20
104 83 20
104 84 20
104 85 20
104 86 20
104 87 20
104 88 20
104 89 20
104 90 20
104 97 20
104 98 20
104 99 20
104 100 20
104 101 20
104 102 20
104 103 20
104 104 20
104 105 117
104 106 20
104 107 20
104 108 20
104 109 20
104 110 20
104 111 20
104 112 20
104 113 20
104 114 20
104 115 20
104 116 20
104 117 20
104 118 20
104 119 20
104 120 20
104 121 20
104 122 20


105 48 20
105 49 20
105 50 20
105 51 20
105 52 20
105 53 20
105 54 20
105 55 20
105 56 20
105 57 20
105 65 20
105 66 20
105 67 20
105 68 20
105 69 20
105 70 20
105 71 20
105 72 20
105 73 20
105 74 20
105 75 20
105 76 20
105 77 20
105 78 20
105 79 20
105 80 20
105 81 20
105 82 20
105 83 20
105 84 20
105 85 20
105 86 20
105 87 20
105 88 20
105 89 20
105 90 20
105 97 20
105 98 20
105 99 20
105 100 20
105 101 20
105 102 20
105 103 20
105 104 20
105 105 20
105 106 20
105 107 20
105 108 20
105 109 20
105 110 20
105 111 20
105 112 20
105 113 20
105 114 118
105 115 20
105 116 20
105 117 20
105 118 20
105 119 20
105 120 20
105 121 20
105 122 20


106 48 20
106 49 20
106 50 20
106 51 20
106 52 20
106 53 20
106 54 20
106 55 20
106 56 20
106 57 20
106 65 20
106 66 20
106 67 20
106 68 20
106 69 20
106 70 20
106 71 20
106 72 20
106 73 20
106 74 20
106 75 20
106 76 20
106 77 20
106 78 20
106 79 20
106 80 20
106 81 20
106 82 20
106 83 20
106 84 20
106 85 20
106 86 20
106 87 20
106 88 20
106 89 20
106 90 20
106 97 20
106 98 20
106 99 20
106 100 20
106 101 20
106 102 20
106 103 20
106 104 20
106 105 20
106 106 20
106 107 20
106 108 20
106 109 20
106 110 20
106 111 119
106 112 20
106 113 20
106 114 20
106 115 20
106 116 20
106 117 20
106 118 20
106 119 20
106 120 20
106 121 20
106 122 20


107 48 20
107 49 20
107 50 20
107 51 20
107 52 20
107 53 20
107 54 20
107 55 20
107 56 20
107 57 20
107 65 20
107 66 20
107 67 20
107 68 20
107 69 20
107 70 20
107 71 20
107 72 20
107 73 20
107 74 20
107 75 20
107 76 20
107 77 20
107 78 20
107 79 20
107 80 20
107 81 20
107 82 20
107 83 20
107 84 20
107 85 20
107 86 20
107 87 20
107 88 20
107 89 20
107 90 20
107 97 20
107 98 20
107 99 20
107 100 20
107 101 20
107 102 20
107 103 20
107 104 20
107 105 20
107 106 20
107 107 20
107 108 20
107 109 20
107 110 120
107 111 20
107 112 20
107 113 20
107 114 20
107 115 20
107 116 20
107 117 20
107 118 20
107 119 20
107 120 20
107 121 20
107 122 20


108 48 20
108 49 20
108 50 20
108 51 20
108 52 20
108 53 20
108 54 20
108 55 20
108 56 20
108 57 20
108 65 20
108 66 20
108 67 20
108 68 20
108 69 20
108 70 20
108 71 20
108 72 20
108 73 20
108 74 20
108 75 20
108 76 20
108 77 20
108 78 20
108 79 20
108 80 20
108 81 20
108 82 20
108 83 20
108 84 20
108 85 20
108 86 20
108 87 20
108 88 20
108 89 20
108 90 20
108 97 20
108 98 20
108 99 20
108 100 20
108 101 20
108 102 20
108 103 20
108 104 20
108 105 20
108 106 20
108 107 20
108 108 20
108 109 20
108 110 20
108 111 20
108 112 20
108 113 20
108 114 20
108 115 20
108 116 20
108 117 20
108 118 20
108 119 20
108 120 20
108 121 20
108 122 20


109 48 20
109 49 20
109 50 20
109 51 20
109 52 20
109 53 20
109 54 20
109 55 20
109 56 20
109 57 20
109 65 20
109 66 20
109 67 20
109 68 20
109 69 20
109 70 20
109 71 20
109 72 20
109 73 20
109 74 20
109 75 20
109 76 20
109 77 20
109 78 20
109 79 20
109 80 20
109 81 20
109 82 20
109 83 20
109 84 20
109 85 20
109 86 20
109 87 20
109 88 20
109 89 20
109 90 20
109 97 20
109 98 20
109 99 20
109 100 20
109 101 121
109 102 20
109 103 20
109 104 20
109 105 20
109 106 20
109 107 20
109 108 20
109 109 20
109 110 20
109 111 20
109 112 20
109 113 20
109 114 20
109 115 20
109 116 20
109 117 20
109 118 20
109 119 20
109 120 20
109 121 20
109 122 20


110 48 20
110 49 20
110 50 20
110 51 20
110 52 20
110 53 20
110 54 20
110 55 20
110 56 20
110 57 20
110 65 20
110 66 20
110 67 20
110 68 20
110 69 20
110 70 20
110 71 20
110 72 20
110 73 20
110 74 20
110 75 20
110 76 20
110 77 20
110 78 20
110 79 20
110 80 20
110 81 20
110 82 20
110 83 20
110 84 20
110 85 20
110 86 20
110 87 20
110 88 20
110 89 20
110 90 20
110 97 20
110 98 20
110 99 20
110 100 20
110 101 20
110 102 20
110 103 20
110 104 122
110 105 20
110 106 20
110 107 20
110 108 20
110 109 20
110 110 20
110 111 20
110 112 20
110 113 20
110 114 20
110 115 20
110 116 20
110 117 20
110 118 20
110 119 20
110 120 20
110 121 20
110 122 20


111 48 20
111 49 20
111 50 20
111 51 20
111 52 20
111 53 20
111 54 20
111 55 20
111 56 20
111 57 20
111 65 20
111 66 20
111 67 20
111 68 20
111 69 20
111 70 20
111 71 20
111 72 20
111 73 20
111 74 20
111 75 20
111 76 20
111 77 20
111 78 20
111 79 20
111 80 20
111 81 20
111 82 20
111 83 20
111 84 20
111 85 20
111 86 20
111 87 20
111 88 20
111 89 20
111 90 20
111 97 20
111 98 20
111 99 20
111 100 20
111 101 20
111 102 20
111 103 20
111 104 20
111 105 20
111 106 20
111 107 20
111 108 20
111 109 20
111 110 20
111 111 20
111 112 20
111 113 20
111 114 20
111 115 20
111 116 20
111 117 20
111 118 20
111 119 20
111 120 20
111 121 20
111 122 20


112 48 20
112 49 20
112 50 20
112 51 20
112 52 20
112 53 20
112 54 20
112 55 20
112 56 20
112 57 20
112 65 20
112 66 20
112 67 20
112 68 20
112 69 20
112 70 20
112 71 20
112 72 20
112 73 20
112 74 20
112 75 20
112 76 20
112 77 20
112 78 20
112 79 20
112 80 20
112 81 20
112 82 20
112 83 20
112 84 20
112 85 20
112 86 20
112 87 20
112 88 20
112 89 20
112 90 20
112 97 20
112 98 20
112 99 20
112 100 20
112 101 20
112 102 20
112 103 20
112 104 20
112 105 20
112 106 20
112 107 20
112 108 20
112 109 20
112 110 123
112 111 20
112 112 20
112 113 20
112 114 20
112 115 20
112 116 20
112 117 20
112 118 20
112 119 20
112 120 20
112 121 20
112 122 20


113 48 20
113 49 20
113 50 20
113 51 20
113 52 20
113 53 20
113 54 20
113 55 20
113 56 20
113 57 20
113 65 20
113 66 20
113 67 20
113 68 20
113 69 20
113 70 20
113 71 20
113 72 20
113 73 20
113 74 20
113 75 20
113 76 20
113 77 20
113 78 20
113 79 20
113 80 20
113 81 20
113 82 20
113 83 20
113 84 20
113 85 20
113 86 20
113 87 20
113 88 20
113 89 20
113 90 20
113 97 20
113 98 20
113 99 20
113 100 20
113 101 20
113 102 20
113 103 20
113 104 20
113 105 20
113 106 20
113 107 20
113 108 20
113 109 20
113 110 124
113 111 20
113 112 20
113 113 20
113 114 20
113 115 20
113 116 20
113 117 20
113 118 20
113 119 20
113 120 20
113 121 20
113 122 20


114 48 20
114 49 20
114 50 20
114 51 20
114 52 20
114 53 20
114 54 20
114 55 20
114 56 20
114 57 20
114 65 20
114 66 20
114 67 20
114 68 20
114 69 20
114 70 20
114 71 20
114 72 20
114 73 20
114 74 20
114 75 20
114 76 20
114 77 20
114 78 20
114 79 20
114 80 20
114 81 20
114 82 20
114 83 20
114 84 20
114 85 20
114 86 20
114 87 20
114 88 20
114 89 20
114 90 20
114 97 20
114 98 20
114 99 20
114 100 20
114 101 125
114 102 20
114 103 20
114 104 20
114 105 20
114 106 20
114 107 20
114 108 20
114 109 20
114 110 20
114 111 20
114 112 20
114 113 20
114 114 20
114 115 20
114 116 20
114 117 20
114 118 20
114 119 20
114 120 20
114 121 20
114 122 20


115 48 20
115 49 20
115 50 20
115 51 20
115 52 20
115 53 20
115 54 20
115 55 20
115 56 20
115 57 20
115 65 20
115 66 20
115 67 20
115 68 20
115 69 20
115 70 20
115 71 20
115 72 20
115 73 20
115 74 20
115 75 20
115 76 20
115 77 20
115 78 20
115 79 20
115 80 20
115 81 20
115 82 20
115 83 20
115 84 20
115 85 20
115 86 20
115 87 20
115 88 20
115 89 20
115 90 20
115 97 20
115 98 20
115 99 20
115 100 20
115 101 20
115 102 20
115 103 20
115 104 20
115 105 20
115 106 20
115 107 20
115 108 20
115 109 20
115 110 20
115 111 20
115 112 20
115 113 20
115 114 20
115 115 20
115 116 20
115 117 20
115 118 20
115 119 20
115 120 20
115 121 20
115 122 20


116 48 20
116 49 20
116 50 20
116 51 20
116 52 20
116 53 20
116 54 20
116 55 20
116 56 20
116 57 20
116 65 20
116 66 20
116 67 20
116 68 20
116 69 20
116 70 20
116 71 20
116 72 20
116 73 20
116 74 20
116 75 20
116 76 20
116 77 20
116 78 20
116 79 20
116 80 20
116 81 20
116 82 20
116 83 20
116 84 20
116 85 20
116 86 20
116 87 20
116 88 20
116 89 20
116 90 20
116 97 20
116 98 20
116 99 20
116 100 20
116 101 20
116 102 20
116 103 20
116 104 20
116 105 20
116 106 20
116 107 20
116 108 20
116 109 20
116 110 20
116 111 20
116 112 20
116 113 20
116 114 20
116 115 20
116 116 20
116 117 20
116 118 20
116 119 20
116 120 20
116 121 20
116 122 20


117 48 20
117 49 20
117 50 20
117 51 20
117 52 20
117 53 20
117 54 20
117 55 20
117 56 20
117 57 20
117 65 20
117 66 20
117 67 20
117 68 20
117 69 20
117 70 20
117 71 20
117 72 20
117 73 20
117 74 20
117 75 20
117 76 20
117 77 20
117 78 20
117 79 20
117 80 20
117 81 20
117 82 20
117 83 20
117 84 20
117 85 20
117 86 20
117 87 20
117 88 20
117 89 20
117 90 20
117 97 20
117 98 20
117 99 20
117 100 20
117 101 20
117 102 20
117 103 20
117 104 20
117 105 20
117 106 20
117 107 20
117 108 20
117 109 20
117 110 126
117 111 20
117 112 20
117 113 20
117 114 20
117 115 20
117 116 20
117 117 20
117 118 20
117 119 20
117 120 20
117 121 20
117 122 20


118 48 20
118 49 20
118 50 20
118 51 20
118 52 20
118 53 20
118 54 20
118 55 20
118 56 20
118 57 20
118 65 20
118 66 20
118 67 20
118 68 20
118 69 20
118 70 20
118 71 20
118 72 20
118 73 20
118 74 20
118 75 20
118 76 20
118 77 20
118 78 20
118 79 20
118 80 20
118 81 20
118 82 20
118 83 20
118 84 20
118 85 20
118 86 20
118 87 20
118 88 20
118 89 20
118 90 20
118 97 20
118 98 20
118 99 20
118 100 20
118 101 20
118 102 20
118 103 20
118 104 20
118 105 20
118 106 20
118 107 20
118 108 20
118 109 20
118 110 127
118 111 20
118 112 20
118 113 20
118 114 20
118 115 20
118 116 20
118 117 20
118 118 20
118 119 20
118 120 20
118 121 20
118 122 20


119 48 20
119 49 20
119 50 20
119 51 20
119 52 20
119 53 20
119 54 20
119 55 20
119 56 20
119 57 20
119 65 20
119 66 20
119 67 20
119 68 20
119 69 20
119 70 20
119 71 20
119 72 20
119 73 20
119 74 20
119 75 20
119 76 20
119 77 20
119 78 20
119 79 20
119 80 20
119 81 20
119 82 20
119 83 20
119 84 20
119 85 20
119 86 20
119 87 20
119 88 20
119 89 20
119 90 20
119 97 20
119 98 20
119 99 20
119 100 20
119 101 20
119 102 128
119 103 20
119 104 20
119 105 20
119 106 20
119 107 20
119 108 20
119 109 20
119 110 20
119 111 20
119 112 20
119 113 20
119 114 20
119 115 20
119 116 20
119 117 20
119 118 20
119 119 20
119 120 20
119 121 20
119 122 20


120 48 20
120 49 20
120 50 20
120 51 20
120 52 20
120 53 20
120 54 20
120 55 20
120 56 20
120 57 20
120 65 20
120 66 20
120 67 20
120 68 20
120 69 20
120 70 20
120 71 20
120 72 20
120 73 20
120 74 20
120 75 20
120 76 20
120 77 20
120 78 20
120 79 20
120 80 20
120 81 20
120 82 20
120 83 20
120 84 20
120 85 20
120 86 20
120 87 20
120 88 20
120 89 20
120 90 20
120 97 20
120 98 20
120 99 20
120 100 20
120 101 20
120 102 20
120 103 129
120 104 20
120 105 20
120 106 20
120 107 20
120 108 20
120 109 20
120 110 20
120 111 20
120 112 20
120 113 20
120 114 20
120 115 20
120 116 20
120 117 20
120 118 20
120 119 20
120 120 20
120 121 20
120 122 20


121 48 20
121 49 20
121 50 20
121 51 20
121 52 20
121 53 20
121 54 20
121 55 20
121 56 20
121 57 20
121 65 20
121 66 20
121 67 20
121 68 20
121 69 20
121 70 20
121 71 20
121 72 20
121 73 20
121 74 20
121 75 20
121 76 20
121 77 20
121 78 20
121 79 20
121 80 20
121 81 20
121 82 20
121 83 20
121 84 20
121 85 20
121 86 20
121 87 20
121 88 20
121 89 20
121 90 20
121 97 20
121 98 20
121 99 20
121 100 20
121 101 20
121 102 20
121 103 20
121 104 20
121 105 20
121 106 20
121 107 20
121 108 20
121 109 20
121 110 20
121 111 20
121 112 20
121 113 20
121 114 20
121 115 20
121 116 20
121 117 20
121 118 20
121 119 20
121 120 20
121 121 20
121 122 20


122 48 20
122 49 20
122 50 20
122 51 20
122 52 20
122 53 20
122 54 20
122 55 20
122 56 20
122 57 20
122 65 20
122 66 20
122 67 20
122 68 20
122 69 20
122 70 20
122 71 20
122 72 20
122 73 20
122 74 20
122 75 20
122 76 20
122 77 20
122 78 20
122 79 20
122 80 20
122 81 20
122 82 20
122 83 20
122 84 20
122 85 20
122 86 20
122 87 20
122 88 20
122 89 20
122 90 20
122 97 20
122 98 20
122 99 20
122 100 20
122 101 20
122 102 20
122 103 20
122 104 20
122 105 20
122 106 20
122 107 20
122 108 20
122 109 20
122 110 20
122 111 20
122 112 20
122 113 20
122 114 20
122 115 20
122 116 20
122 117 20
122 118 20
122 119 20
122 120 20
122 121 20
122 122 20


123 48 20
123 49 20
123 50 20
123 51 20
123 52 20
123 53 20
123 54 20
123 55 20
123 56 20
123 57 20
123 65 20
123 66 20
123 67 20
123 68 20
123 69 20
123 70 20
123 71 20
123 72 20
123 73 20
123 74 20
123 75 20
123 76 20
123 77 20
123 78 20
123 79 20
123 80 20
123 81 20
123 82 20
123 83 20
123 84 20
123 85 20
123 86 20
123 87 20
123 88 20
123 89 20
123 90 20
123 97 20
123 98 20
123 99 20
123 100 20
123 101 20
123 102 20
123 103 20
123 104 20
123 105 20
123 106 20
123 107 20
123 108 20
123 109 20
123 110 20
123 111 20
123 112 20
123 113 20
123 114 20
123 115 20
123 116 20
123 117 20
123 118 20
123 119 20
123 120 20
123 121 20
123 122 20


124 48 20
124 49 20
124 50 20
124 51 20
124 52 20
124 53 20
124 54 20
124 55 20
124 56 20
124 57 20
124 65 20
124 66 20
124 67 20
124 68 20
124 69 20
124 70 20
124 71 20
124 72 20
124 73 20
124 74 20
124 75 20
124 76 20
124 77 20
124 78 20
124 79 20
124 80 20
124 81 20
124 82 20
124 83 20
124 84 20
124 85 20
124 86 20
124 87 20
124 88 20
124 89 20
124 90 20
124 97 20
124 98 20
124 99 20
124 100 20
124 101 20
124 102 20
124 103 20
124 104 20
124 105 20
124 106 20
124 107 20
124 108 20
124 109 20
124 110 20
124 111 20
124 112 20
124 113 20
124 114 20
124 115 20
124 116 20
124 117 130
124 118 20
124 119 20
124 120 20
124 121 20
124 122 20


125 48 20
125 49 20
125 50 20
125 51 20
125 52 20
125 53 20
125 54 20
125 55 20
125 56 20
125 57 20
125 65 20
125 66 20
125 67 20
125 68 20
125 69 20
125 70 20
125 71 20
125 72 20
125 73 20
125 74 20
125 75 20
125 76 20
125 77 20
125 78 20
125 79 20
125 80 20
125 81 20
125 82 20
125 83 20
125 84 20
125 85 20
125 86 20
125 87 20
125 88 20
125 89 20
125 90 20
125 97 20
125 98 20
125 99 20
125 100 20
125 101 20
125 102 20
125 103 20
125 104 20
125 105 20
125 106 20
125 107 20
125 108 20
125 109 20
125 110 20
125 111 20
125 112 20
125 113 20
125 114 20
125 115 20
125 116 20
125 117 20
125 118 20
125 119 20
125 120 20
125 121 20
125 122 20


126 48 20
126 49 20
126 50 20
126 51 20
126 52 20
126 53 20
126 54 20
126 55 20
126 56 20
126 57 20
126 65 20
126 66 20
126 67 20
126 68 20
126 69 20
126 70 20
126 71 20
126 72 20
126 73 20
126 74 20
126 75 20
126 76 20
126 77 20
126 78 20
126 79 20
126 80 20
126 81 20
126 82 20
126 83 20
126 84 20
126 85 20
126 86 20
126 87 20
126 88 20
126 89 20
126 90 20
126 97 20
126 98 20
126 99 20
126 100 20
126 101 20
126 102 20
126 103 131
126 104 20
126 105 20
126 106 20
126 107 20
126 108 20
126 109 20
126 110 20
126 111 20
126 112 20
126 113 20
126 114 20
126 115 20
126 116 20
126 117 20
126 118 20
126 119 20
126 120 20
126 121 20
126 122 20


127 48 20
127 49 20
127 50 20
127 51 20
127 52 20
127 53 20
127 54 20
127 55 20
127 56 20
127 57 20
127 65 20
127 66 20
127 67 20
127 68 20
127 69 20
127 70 20
127 71 20
127 72 20
127 73 20
127 74 20
127 75 20
127 76 20
127 77 20
127 78 20
127 79 20
127 80 20
127 81 20
127 82 20
127 83 20
127 84 20
127 85 20
127 86 20
127 87 20
127 88 20
127 89 20
127 90 20
127 97 20
127 98 20
127 99 20
127 100 20
127 101 20
127 102 20
127 103 20
127 104 20
127 105 20
127 106 20
127 107 20
127 108 20
127 109 20
127 110 20
127 111 20
127 112 20
127 113 20
127 114 20
127 115 20
127 116 20
127 117 20
127 118 20
127 119 20
127 120 20
127 121 20
127 122 20


128 48 20
128 49 20
128 50 20
128 51 20
128 52 20
128 53 20
128 54 20
128 55 20
128 56 20
128 57 20
128 65 20
128 66 20
128 67 20
128 68 20
128 69 20
128 70 20
128 71 20
128 72 20
128 73 20
128 74 20
128 75 20
128 76 20
128 77 20
128 78 20
128 79 20
128 80 20
128 81 20
128 82 20
128 83 20
128 84 20
128 85 20
128 86 20
128 87 20
128 88 20
128 89 20
128 90 20
128 97 20
128 98 20
128 99 20
128 100 20
128 101 20
128 102 20
128 103 20
128 104 20
128 105 20
128 106 20
128 107 20
128 108 20
128 109 20
128 110 20
128 111 20
128 112 20
128 113 20
128 114 20
128 115 20
128 116 20
128 117 20
128 118 20
128 119 20
128 120 20
128 121 20
128 122 20


129 48 20
129 49 20
129 50 20
129 51 20
129 52 20
129 53 20
129 54 20
129 55 20
129 56 20
129 57 20
129 65 20
129 66 20
129 67 20
129 68 20
129 69 20
129 70 20
129 71 20
129 72 20
129 73 20
129 74 20
129 75 20
129 76 20
129 77 20
129 78 20
129 79 20
129 80 20
129 81 20
129 82 20
129 83 20
129 84 20
129 85 20
129 86 20
129 87 20
129 88 20
129 89 20
129 90 20
129 97 20
129 98 20
129 99 20
129 100 20
129 101 20
129 102 20
129 103 20
129 104 20
129 105 20
129 106 20
129 107 20
129 108 20
129 109 20
129 110 20
129 111 20
129 112 20
129 113 20
129 114 20
129 115 20
129 116 20
129 117 20
129 118 20
129 119 20
129 120 20
129 121 20
129 122 20


130 48 20
130 49 20
130 50 20
130 51 20
130 52 20
130 53 20
130 54 20
130 55 20
130 56 20
130 57 20
130 65 20
130 66 20
130 67 20
130 68 20
130 69 20
130 70 20
130 71 20
130 72 20
130 73 20
130 74 20
130 75 20
130 76 20
130 77 20
130 78 20
130 79 20
130 80 20
130 81 20
130 82 20
130 83 20
130 84 20
130 85 20
130 86 20
130 87 20
130 88 20
130 89 20
130 90 20
130 97 20
130 98 20
130 99 20
130 100 20
130 101 132
130 102 20
130 103 20
130 104 20
130 105 20
130 106 20
130 107 20
130 108 20
130 109 20
130 110 20
130 111 20
130 112 20
130 113 20
130 114 20
130 115 20
130 116 20
130 117 20
130 118 20
130 119 20
130 120 20
130 121 20
130 122 20


131 48 20
131 49 20
131 50 20
131 51 20
131 52 20
131 53 20
131 54 20
131 55 20
131 56 20
131 57 20
131 65 20
131 66 20
131 67 20
131 68 20
131 69 20
131 70 20
131 71 20
131 72 20
131 73 20
131 74 20
131 75 20
131 76 20
131 77 20
131 78 20
131 79 20
131 80 20
131 81 20
131 82 20
131 83 20
131 84 20
131 85 20
131 86 20
131 87 20
131 88 20
131 89 20
131 90 20
131 97 20
131 98 20
131 99 20
131 100 20
131 101 20
131 102 20
131 103 20
131 104 20
131 105 20
131 106 20
131 107 20
131 108 20
131 109 20
131 110 20
131 111 20
131 112 20
131 113 20
131 114 20
131 115 20
131 116 20
131 117 20
131 118 20
131 119 20
131 120 20
131 121 20
131 122 20


132 48 20
132 49 20
132 50 20
132 51 20
132 52 20
132 53 20
132 54 20
132 55 20
132 56 20
132 57 20
132 65 20
132 66 20
132 67 20
132 68 20
132 69 20
132 70 20
132 71 20
132 72 20
132 73 20
132 74 20
132 75 20
132 76 20
132 77 20
132 78 20
132 79 20
132 80 20
132 81 20
132 82 20
132 83 20
132 84 20
132 85 20
132 86 20
132 87 20
132 88 20
132 89 20
132 90 20
132 97 20
132 98 20
132 99 20
132 100 20
132 101 20
132 102 20
132 103 20
132 104 20
132 105 20
132 106 20
132 107 20
132 108 20
132 109 20
132 110 20
132 111 20
132 112 20
132 113 20
132 114 20
132 115 20
132 116 20
132 117 20
132 118 20
132 119 20
132 120 20
132 121 20
132 122 20


